20
433 977 615 579 190 367 594 862 890 367 227 143 452 537 832 805 220 359 715 248
675 147 240 583 557 797 860 842 128 153 365 168 47 118 56 939 76 777 429 314
851 938 246 157 802 514 188 872 382 305 939 951 524 712 771 552 537 860 312 375
265 490 932 2 967 382 935 571 524 45 78 852 809 190 410 764 422 530 98 699
47 367 328 192 210 189 629 666 680 910 447 17 298 657 444 664 854 32 289 307
277 937 721 943 155 598 889 185 76 146 771 291 167 250 621 889 91 525 717 643
69 792 687 275 161 303 353 546 142 941 238 26 60 265 787 431 660 63 280 624
407 871 33 977 926 87 981 98 717 438 123 184 594 825 520 321 232 554 860 155
743 673 794 662 917 553 263 837 150 324 340 835 768 944 465 504 731 645 518 489
123 936 175 824 862 220 970 281 675 577 912 816 282 673 383 507 299 554 968 579
439 920 292 867 879 550 667 579 257 859 950 195 425 272 65 118 931 357 953 26
784 522 528 557 117 367 520 151 141 538 870 370 443 933 444 879 805 794 759 797
393 317 285 971 783 567 470 112 615 279 77 62 843 318 172 391 367 134 61 409
306 173 527 616 31 532 575 623 517 957 486 986 60 871 621 904 924 429 644 662
435 752 906 549 681 470 278 116 877 230 115 629 258 49 723 642 185 721 578 752
520 927 132 446 496 999 454 197 253 258 703 81 985 245 616 731 117 770 40 459
550 325 346 459 484 734 698 862 729 561 476 284 672 982 728 536 189 355 11 766
936 455 193 956 704 481 984 348 242 822 418 841 735 853 889 778 565 353 42 201
933 580 894 998 951 878 573 841 201 875 16 201 358 128 348 708 652 73 256 605
868 907 136 5 516 927 349 873 58 494 175 508 725 655 539 675 473 141 654 985
